151.000000
146.040005
141.160009
136.359991
131.639996
127.000000
122.440004
117.960008
113.559992
109.239996
105.000000
100.840004
96.759998
92.760002
88.839996
85.000000
81.240004
77.559998
73.960002
70.439997
67.000000
63.640003
60.359998
57.160002
54.039997
51.000000
48.040003
45.159999
42.360001
39.639997
37.000000
34.439999
31.959999
29.560001
27.240001
25.000000
22.839999
20.759999
18.760001
16.840000
15.000000
13.240000
11.560000
9.960000
8.440000
7.000000
5.640000
4.360000
3.160000
2.040000
1.000000
0.040000
-0.840000
-1.640000
-2.360000
-3.000000
-3.560000
-4.040000
-4.440000
-4.760000
-5.000000
-5.160000
-5.240000
-5.240000
-5.160000
-5.000000
-4.760000
-4.440000
-4.040000
-3.560000
-3.000000
-2.360001
-1.640000
-0.840000
0.040001
1.000000
2.039999
3.160001
4.359999
5.640001
7.000000
8.439999
9.960001
11.559999
13.240002
15.000000
16.839998
18.760001
20.759999
22.840002
25.000000
27.239998
29.559995
31.960005
34.440002
37.000000
39.639997
42.359995
45.160005
48.040003
51.000000
