-756.000000
-706.112061
-658.416077
-612.863892
-569.407959
-528.000000
-488.592041
-451.136078
-415.583923
-381.887970
-350.000000
-319.872040
-291.455994
-264.704010
-239.567978
-216.000000
-193.952026
-173.375992
-154.224014
-136.447983
-120.000000
-104.832016
-90.895996
-78.144005
-66.527992
-56.000000
-46.512009
-38.015995
-30.464003
-23.807995
-18.000000
-12.991999
-8.735998
-5.184001
-2.288001
0.000000
1.728000
2.944000
3.696000
4.032000
4.000000
3.648000
3.024000
2.176000
1.152000
0.000000
-1.232000
-2.496000
-3.744000
-4.928000
-6.000000
-6.912000
-7.616000
-8.064000
-8.208000
-8.000000
-7.392000
-6.336000
-4.784000
-2.688001
0.000000
3.328001
7.344002
12.095998
17.631998
24.000000
31.248001
39.424004
48.575996
58.751999
70.000000
82.367989
95.904007
110.655991
126.672012
144.000000
162.687988
182.784012
204.335983
227.392029
252.000000
278.207977
306.064026
335.615997
366.912018
400.000000
434.927979
471.744019
510.495972
551.232056
594.000000
638.847961
685.823914
734.976074
786.352051
840.000000
895.967957
954.303894
1015.056091
1078.272095
1144.000000
